lista_A=[ 22, 23, 24, 25, 26, 27, 28, 29, 30, 71, 72, 73, 74, 75, 76, 77, 1, 2, 3, 4, 5, 6, 7, 8, 9, 10, 11, 12, 13, 14, 15, 31, 32,  47, 48, 49, 50, 51, 52, 53, 54, 55, 16, 17, 18, 19, 20, 21, 22, 56, 57, 58, 59, 60,85, 86, 87, 88, 89, 90, 91, 92, 93, 94, 61, 62, 63, 64, 65, 66, 67, 68, 69, 70,  78, 79, 80, 81, 82, 83, 84, 95, 96, 97, 98, 99, 100, 33, 34, 35, 36, 37, 38, 39, 40, 41, 42, 43, 44, 45, 46]
lista_B=[124, 125, 126, 127, 128, 129, 130, 107, 108, 109, 110, 111, 112, 113, 114, 115, 116, 117, 118, 119, 120, 101, 102, 103, 104, 105, 106, 121, 122, 123,  131, 132, 133, 134, 135, 144, 145, 146, 147, 148, 149, 150, 151, 152, 153, 154, 155, 156, 157, 158, 136, 137, 138, 139, 140, 141, 142, 143, 159, 160]


def quick_sort(lista):
    izquierda = []
    derecha = []
    centro=[] #sera un solo elemento

    if len(lista) >1:
        pivote = lista[-1]
        for i in lista:
            if i<pivote:
                izquierda.append(i)
            elif i==pivote:
                    centro.append(i)
            else:
                    derecha.append(i)
        
        return quick_sort(izquierda) + centro + quick_sort(derecha)
    else:
        return lista

print(quick_sort(lista_A))        
print("")
print("")
print(quick_sort(lista_B))

lista_C=[22, 23, 24, 25, 26, 27, 28, 29, 30, 71, 72, 73, 74, 75, 76, 77, 1, 2, 3, 4, 5, 6, 7, 8, 9, 10, 11, 12, 13, 14, 15, 31, 32,  47, 48, 49, 50, 51, 52, 53, 54, 55, 16, 17, 18, 19, 20, 21, 22, 56, 57, 58, 59, 60,85, 86, 87, 88, 89, 90, 91, 92, 93, 94, 61, 62, 63, 64, 65, 66, 67, 68, 69, 70,  78, 79, 80, 81, 82, 83, 84, 95, 96, 97, 98, 99, 100, 33, 34, 35, 36, 37, 38, 39, 40, 41, 42, 43, 44, 45, 46,124, 125, 126, 127, 128, 129, 130, 107, 108, 109, 110, 111, 112, 113, 114, 115, 116, 117, 118, 119, 120, 101, 102, 103, 104, 105, 106, 121, 122, 123,  131, 132, 133, 134, 135, 144, 145, 146, 147, 148, 149, 150, 151, 152, 153, 154, 155, 156, 157, 158, 136, 137, 138, 139, 140, 141, 142, 143, 159, 160]

print("")
print("")
print(quick_sort(lista_C))
